         3.219391823        0.5164639410        0.3529278821       0.03469591156
         3.291159853        0.4882319705        0.3146959116      0.001159852606
         3.357623794        0.3911598526        0.2493918231       0.02646394104
         3.191159853        0.4064639410        0.2746959116       0.06115985261
         3.369391823        0.4164639410        0.2782319705       0.03823197052
         3.081159853        0.4482319705        0.3429278821       0.06000000000
         3.152319705        0.4246959116        0.3464639410       0.02823197052
         3.166463941        0.5000000000        0.2882319705       0.03823197052
         3.337623794        0.3682319705        0.2682319705       0.01823197052
         2.975855764        0.2875672925        0.2028148798      0.003423056677
         3.123479558        0.4469591156        0.3880059660       0.04739778909
         3.084639410        0.3804386735        0.3079494648     -0.005586594139
         2.852814880        0.3875107914        0.2797174943        0.1656297596
         3.182814880        0.3574542902        0.3536922267       0.03595543078
         3.146959116        0.4415420249        0.3971717845        0.2307078435
         3.230495175        0.4992223197        0.4189963151       0.02468257589
         3.051711528        0.5015985261        0.2936922267       0.05076434462
         3.241103351        0.4569591156        0.5027018775       0.04916581856
         3.234582909        0.4915985261        0.3961249342       0.03678961221
         2.990495175        0.3545264081        0.3167331111       0.05386173013
         2.946407440        0.4111033515        0.3316550272       0.05811896824
         3.047623794        0.5164639410        0.3382319705       0.03000000000
         3.099391823        0.4064639410        0.2864639410       0.04000000000
         2.632927882        0.3464639410        0.2246959116       0.01823197052
         3.061159853        0.3729278821        0.1911598526     -0.003536058958
         3.027623794        0.3682319705        0.2746959116      0.004695911563
         3.342927882        0.3964639410        0.2829278821       0.05000000000
         2.947015617        0.4411598526        0.3040877347       0.01939182313
         2.698783646        0.4564639410        0.3764639410       0.02646394104
         2.862927882        0.3900000000        0.3164639410      0.008231970521
         3.149391823        0.4382319705        0.2582319705       0.02469591156
         2.970551676        0.4200000000        0.2700000000       0.08000000000
         3.177623794        0.3900000000        0.3100000000       0.03823197052
         3.234695912        0.5600000000        0.3082319705       0.03469591156
         2.872927882        0.4346959116        0.3211598526       0.02469591156
         3.087623794        0.2729278821        0.2611598526      0.006463941042
         2.761159853        0.4646959116        0.2793918231       0.02823197052
         3.294087735        0.2546959116        0.1729278821       0.01823197052
         2.907623794        0.3400000000        0.2100000000     -0.005304088437
         2.957623794        0.3164639410        0.2011598526      0.004695911563
         2.651159853        0.3664639410        0.2929278821     -0.003536058958
         2.811159853        0.4664639410        0.3029278821       0.01000000000
         3.136463941        0.3482319705        0.2482319705      0.006463941042
         3.142927882        0.4682319705        0.3264639410      0.004695911563
         2.636463941        0.3493918231        0.2976237936       0.01939182313
         3.299391823        0.4064639410        0.2329278821       0.04939182313
         3.191159853        0.2629278821        0.2529278821       0.04469591156
         2.954087735        0.4746959116        0.3258557642       0.01115985261
         2.911159853        0.4300000000        0.4382319705       0.04469591156
         2.989391823        0.3500000000        0.1911598526       0.02292788208
         2.864695912        0.4382319705        0.2746959116       0.02823197052
         2.932927882        0.3664639410        0.2464639410       0.02000000000
         3.054087735        0.2782319705        0.1582319705     -0.005304088437
         3.232927882        0.3711598526        0.2911598526       0.02292788208
         3.283479558        0.4564639410        0.2640877347       0.01055167573
         3.065855764        0.1558557642        0.1299434989       0.01408773469
         3.095855764        0.3829278821        0.2276237936       0.01762379365
         2.889391823        0.3946959116        0.2476237936       0.04231970521
         3.128175469        0.4511598526        0.3187836463       0.01524758730
         2.834087735        0.4746959116        0.3305516757       0.04055167573
         3.101159853        0.5046959116        0.3505516757       0.03994349886
         3.431159853        0.3882319705        0.2664639410       0.02823197052
         3.452927882        0.5400000000        0.3700000000       0.01646394104
         3.545855764        0.5000000000        0.3582319705       0.04646394104
         3.294695912        0.4482319705        0.2882319705       0.02000000000
         3.782927882        0.4482319705        0.3500000000      0.006463941042
         3.209391823        0.4200000000        0.3300000000       0.01823197052
         3.396463941        0.3600000000        0.2000000000      0.006463941042
         3.021159853        0.4100000000        0.3082319705       0.03469591156
         3.116463941        0.4782319705        0.3264639410       0.01000000000
         3.061159853        0.4682319705        0.2982319705       0.03000000000
         2.970000000        0.3682319705        0.2082319705       0.01646394104
         3.147623794        0.3046959116        0.1882319705       0.01646394104
         2.838231971        0.4764639410        0.2582319705       0.01823197052
         3.157623794        0.3482319705        0.2146959116     -0.003536058958
         3.035855764        0.3964639410        0.2329278821      0.009391823127
         3.261159853        0.5182319705        0.3046959116       0.03469591156
         3.132927882        0.4964639410        0.3464639410      0.008231970521
         3.018231971        0.4764639410        0.3046959116       0.02469591156
         2.952927882        0.3764639410        0.2282319705       0.01469591156
         3.504695912        0.3864639410        0.2446959116       0.05823197052
         3.161159853        0.3664639410        0.2629278821     -0.007072117915
         3.207623794        0.4846959116        0.2440877347       0.01646394104
         3.242927882        0.2964639410        0.1846959116      0.009391823127
         2.994087735        0.3064639410        0.1229278821     -0.007072117915
         3.112319705        0.2800000000        0.2000000000     -0.003536058958
         3.434087735        0.2664639410        0.1711598526     -0.005304088437
         3.274695912        0.4300000000        0.2946959116       0.01646394104
         2.977623794        0.3746959116        0.2146959116     -0.001768029479
         3.005855764        0.3482319705        0.2264639410       0.03469591156
         3.385855764        0.3182319705        0.2246959116       0.02646394104
         3.475855764        0.3829278821        0.2076237936     -0.002376206352
         3.260551676        0.4046959116        0.2176237936      0.008783646254
         3.089391823        0.4900000000        0.3200000000       0.02292788208
         3.334695912        0.3982319705        0.2364639410     -0.008840147394
         3.571159853        0.4482319705        0.3376237936       0.02292788208
         3.621159853        0.4900000000        0.3564639410       0.03469591156
         3.548231971        0.5082319705        0.3529278821       0.01646394104
         3.522927882        0.4664639410        0.3111598526       0.01762379365
         3.081159853        0.6246959116        0.4064639410       0.02823197052
         3.704087735        0.4882319705        0.3282319705       0.03823197052
         3.379391823        0.3346959116        0.2564639410     -0.007072117915
         3.252319705        0.4782319705        0.3246959116      0.009391823127
         3.558231971        0.5500000000        0.4700000000      0.008231970521
         3.644695912        0.5400000000        0.3964639410         0.000000000
         3.312927882        0.4400000000        0.3200000000       0.05823197052
         3.694695912        0.5100000000        0.3600000000       0.03823197052
         3.409391823        0.4482319705        0.2782319705       0.01646394104
         3.434695912        0.4082319705        0.3582319705      0.008231970521
         3.202927882        0.3500000000        0.2482319705       0.03000000000
         2.854695912        0.5600000000        0.3382319705       0.02469591156
         3.402319705        0.3982319705        0.2282319705       0.01823197052
         3.344695912        0.4100000000        0.2646959116       0.01292788208
         3.599391823        0.5382319705        0.3582319705       0.02292788208
         3.217623794        0.4246959116        0.2429278821       0.02823197052
         3.208231971        0.4364639410        0.2829278821       0.06646394104
         3.247623794        0.4064639410        0.3429278821       0.05292788208
         2.976463941        0.4829278821        0.3676237936       0.03292788208
         3.619391823        0.4646959116        0.2964639410       0.03469591156
         3.515855764        0.5058557642        0.3658557642       0.04115985261
         3.207623794        0.4046959116        0.2411598526       0.01939182313
         2.987623794        0.5482319705        0.3864639410      -0.01060817687
         3.272927882        0.3811598526        0.2052475873       0.02115985261
         3.194087735        0.2611598526        0.2223197052      0.009391823127
         2.981159853        0.3664639410        0.2458557642       0.01585576417
         2.977623794        0.4546959116        0.3240877347       0.04585576417
         3.424087735        0.3646959116        0.3058557642     0.0005516757326
         3.019391823        0.4264639410        0.2693918231       0.01762379365
         3.202927882        0.3929278821        0.2940877347       0.02469591156
         3.049391823        0.2646959116        0.1505516757     -0.007072117915
         3.232319705        0.3264639410        0.1746959116       0.04762379365
         3.054087735        0.3982319705        0.2493918231      0.001159852606
         2.979391823        0.3511598526        0.2423197052       0.04115985261
         3.541159853        0.6093918231        0.4787836463     -0.009448324267
         3.606463941        0.3782319705        0.2393918231       0.05762379365
         3.330551676        0.3629278821        0.1693918231       0.03055167573
         3.725855764        0.3558557642        0.2134795578       0.01463941042
         3.125855764        0.3929278821        0.2458557642      0.008783646254
         3.124087735        0.4829278821        0.3740877347     0.0005516757326
         3.264695912        0.3064639410        0.2376237936      0.007623793648
         3.295855764        0.3511598526        0.1840877347     -0.007680294789
         3.172927882        0.3246959116        0.1964639410       0.03292788208
         3.261159853        0.3811598526        0.2458557642      0.007623793648
         3.310551676        0.3146959116        0.2293918231      0.002319705211
         3.381159853        0.3376237936        0.3105516757     -0.004144235831
         3.185855764        0.3982319705        0.2164639410      0.001159852606
         3.489391823        0.4282319705        0.3164639410       0.02646394104
         3.042319705        0.4482319705        0.3446959116       0.02823197052
         2.746463941        0.5182319705        0.3682319705       0.02823197052
         3.092927882        0.5200000000        0.3400000000       0.05000000000
         3.392927882        0.5782319705        0.4564639410      0.006463941042
         3.141159853        0.4382319705        0.2900000000      0.006463941042
         3.366463941        0.5500000000        0.4600000000       0.05823197052
         3.250000000        0.3464639410        0.2364639410       0.02000000000
         3.169391823        0.4882319705        0.2182319705     -0.001768029479
         3.554695912        0.4200000000        0.2400000000       0.02000000000
         3.398231971        0.3100000000        0.1600000000       0.02000000000
         3.182319705        0.4700000000        0.3100000000       0.01000000000
         3.301159853        0.4200000000        0.2800000000       0.02000000000
         3.694087735        0.4900000000        0.3200000000       0.02000000000
         3.466463941        0.3100000000        0.1600000000      0.008231970521
         3.286463941        0.4200000000        0.2800000000      0.006463941042
         3.366463941        0.2500000000        0.1700000000     -0.003536058958
         3.326463941        0.3500000000        0.1800000000      0.008231970521
         3.364695912        0.2364639410        0.1246959116       0.01000000000
         3.428231971        0.4600000000        0.2800000000       0.01469591156
         3.481159853        0.3464639410        0.1946959116       0.03292788208
         3.667015617        0.3529278821        0.2376237936       0.01469591156
         3.432927882        0.3393918231        0.1758557642      0.002927882085
         3.495855764        0.4064639410        0.2029278821       0.02469591156
         3.599391823        0.3700000000        0.2829278821       0.03292788208
         3.294695912        0.5300000000        0.3582319705      0.001159852606
         3.594087735        0.4264639410        0.2929278821       0.01823197052
         3.652927882        0.5446959116        0.3729278821      0.004695911563
         3.729391823        0.5164639410        0.3564639410      0.009391823127
         3.422927882        0.3776237936        0.2440877347       0.01646394104
         3.547623794        0.5482319705        0.3129278821      0.004695911563
         3.437623794        0.6064639410        0.3564639410     -0.005304088437
         3.864695912        0.5582319705        0.3464639410     -0.003536058958
         3.401159853        0.5282319705        0.3229278821       0.01646394104
         3.534695912        0.4082319705        0.2164639410       0.01000000000
         3.829391823        0.4700000000        0.2400000000       0.01646394104
         3.574695912        0.4400000000        0.2700000000       0.02469591156
         3.635855764        0.5864639410        0.3664639410      0.008231970521
         3.354087735        0.4500000000        0.3382319705       0.03646394104
         3.482927882        0.5700000000        0.4082319705       0.03646394104
         3.605855764        0.4800000000        0.4000000000       0.04000000000
         4.007623794        0.6582319705        0.4364639410       0.01292788208
         3.584695912        0.3793918231        0.2611598526      0.006463941042
         3.804087735        0.4311598526        0.3311598526       0.02646394104
         4.142319705        0.6346959116        0.3864639410       0.03115985261
         4.111159853        0.4700000000        0.2764639410       0.01646394104
         3.448231971        0.4100000000        0.3100000000       0.02000000000
         3.699391823        0.6064639410        0.3864639410       0.02646394104
         3.846463941        0.5500000000        0.4064639410       0.01823197052
         3.721159853        0.4382319705        0.3000000000     -0.001768029479
         3.844695912        0.5782319705        0.3682319705       0.01823197052
         3.582927882        0.5564639410        0.3464639410       0.01469591156
         3.599391823        0.5600000000        0.3800000000       0.02823197052
         3.514695912        0.5982319705        0.4264639410       0.06000000000
         3.417623794        0.5229278821        0.4011598526       0.03115985261
         3.347623794        0.4176237936        0.3058557642       0.01115985261
         3.562927882        0.3064639410        0.1646959116      0.001159852606
         3.381159853        0.4464639410        0.2246959116      0.009391823127
         3.381159853        0.4011598526        0.2840877347       0.01469591156
         3.729391823        0.3682319705        0.2746959116      0.001159852606
         3.204695912        0.2064639410        0.1311598526       0.02646394104
         3.319391823        0.4111598526        0.2493918231     -0.004144235831
         3.362927882        0.2993918231        0.2576237936       0.01115985261
         3.214695912        0.2746959116        0.1876237936      0.006463941042
         3.251159853        0.4364639410        0.2882319705       0.02000000000
         3.321159853        0.3700000000        0.1900000000       0.01823197052
         2.916463941        0.3982319705        0.2064639410      0.008231970521
         2.936463941        0.3300000000        0.2400000000       0.02000000000
         3.054695912        0.3564639410        0.2446959116       0.01823197052
         3.111159853        0.6582319705        0.4700000000       0.02000000000
         3.454695912        0.5064639410        0.3764639410       0.02823197052
         3.574695912        0.4800000000        0.3746959116       0.07823197052
         3.189391823        0.3482319705        0.2182319705       0.01115985261
         2.921159853        0.3864639410        0.2346959116       0.01115985261
         3.275855764        0.3300000000        0.2082319705     -0.001768029479
         3.319391823        0.3600000000        0.2900000000       0.02823197052
         3.240000000        0.3782319705        0.2164639410       0.02646394104
         2.886463941        0.4082319705        0.2882319705       0.05823197052
         3.554695912        0.3500000000        0.2282319705       0.03823197052
         2.851159853        0.3600000000        0.2000000000       0.03823197052
         3.014695912        0.3500000000        0.2300000000       0.03000000000
         3.119391823        0.3782319705        0.3282319705       0.01000000000
         3.354695912        0.3900000000        0.2300000000       0.01823197052
         3.747623794        0.4282319705        0.2600000000     -0.003536058958
         3.226463941        0.3900000000        0.2200000000       0.01000000000
         2.972927882        0.4082319705        0.2582319705       0.02000000000
         3.224695912        0.4482319705        0.3164639410       0.02823197052
         3.278231971        0.5300000000        0.3600000000       0.02646394104
         3.261159853        0.4200000000        0.2900000000       0.03000000000
         3.515855764        0.3100000000        0.2100000000       0.01000000000
         3.177623794        0.4564639410        0.3082319705      0.008231970521
         3.596463941        0.4900000000        0.3500000000       0.03000000000
         3.546463941        0.5100000000        0.3600000000       0.02000000000
         3.587623794        0.5200000000        0.3800000000       0.07000000000
         2.681159853        0.4100000000        0.3300000000      0.004695911563
         3.050551676        0.4182319705        0.2382319705       0.03000000000
         2.934087735        0.3900000000        0.3200000000       0.04000000000
         3.041159853        0.1582319705        0.1364639410     -0.003536058958
         2.974695912        0.3700000000        0.2482319705       0.01823197052
         2.984695912        0.3082319705        0.1782319705      0.008231970521
         3.040000000        0.3746959116        0.2164639410       0.02000000000
         2.914087735        0.3000000000        0.3100000000       0.01823197052
         2.809391823        0.3182319705        0.2082319705       0.01646394104
         2.805855764        0.3700000000        0.2500000000      0.006463941042
         2.824087735        0.3300000000        0.2082319705       0.01646394104
         3.099391823        0.2500000000        0.1300000000       0.05000000000
         3.017623794        0.3100000000        0.1600000000       0.04000000000
         2.909391823        0.3700000000        0.2000000000       0.02823197052
         3.014087735        0.2900000000        0.1600000000       0.03000000000
         2.972927882        0.3900000000        0.2082319705         0.000000000
         3.244695912        0.2900000000        0.2300000000       0.05000000000
         2.971159853        0.4400000000        0.2600000000         0.000000000
         2.971159853        0.3700000000        0.2682319705      0.008231970521
         3.058231971        0.3700000000        0.2900000000         0.000000000
         3.262927882        0.4900000000        0.3400000000       0.02000000000
         2.988231971        0.5164639410        0.2982319705      0.008231970521
         2.959391823        0.4100000000        0.3400000000         0.000000000
         3.232927882        0.4882319705        0.3182319705       0.01823197052
         3.439391823        0.5700000000        0.3600000000       0.01000000000
         2.910000000        0.4200000000        0.3382319705       0.02000000000
         2.984695912        0.4800000000        0.3100000000       0.02823197052
         3.341159853        0.4282319705        0.4000000000      0.006463941042
         2.794695912        0.5446959116        0.3846959116       0.03000000000
         2.877623794        0.5400000000        0.3700000000       0.04823197052
         2.964087735        0.4482319705        0.3264639410      0.008231970521
         3.026463941        0.3064639410        0.2564639410       0.01292788208
         3.087623794        0.4446959116        0.3393918231       0.01469591156
         3.262927882        0.4282319705        0.3664639410       0.04115985261
         3.092927882        0.5482319705        0.3382319705     -0.008840147394
         3.021159853        0.3782319705        0.2858557642       0.04231970521
         3.045855764        0.3493918231        0.2523197052     -0.001216353746
         3.276463941        0.4446959116        0.2534795578      -0.01298438323
         3.341159853        0.3440877347        0.2181754694       0.01762379365
         3.195855764        0.3946959116        0.3123197052       0.01585576417
         3.437015617        0.4446959116        0.3558557642       0.01701561677
         3.108783646        0.4729278821        0.2852475873      -0.01182453062
         3.092927882        0.3258557642        0.2905516757       0.03408773469
         3.294695912        0.2746959116        0.2187836463       0.04110335147
         3.063479558        0.2576237936        0.1499434989       0.03878364625
         3.064087735        0.3982319705        0.2729278821       0.02585576417
         3.117623794        0.3882319705        0.2529278821      0.001159852606
         3.344695912        0.2729278821        0.2293918231       0.01408773469
         3.020551676        0.3058557642        0.2340877347       0.02171152834
         3.337015617        0.2676237936        0.1952475873       0.02408773469
         3.409391823        0.4511598526        0.3405516757       0.03287138094
         3.115855764        0.3793918231        0.3105516757       0.06347955782
         3.072319705        0.3229278821        0.2111598526       0.02701561677
         3.214695912        0.4964639410        0.3129278821       0.02939182313
         3.572927882        0.3364639410        0.2729278821       0.01469591156
         3.581159853        0.5246959116        0.2987836463       0.04115985261
         3.802319705        0.4529278821        0.3058557642       0.02055167573
         3.261159853        0.5229278821        0.3123197052     -0.005912265310
         3.009391823        0.4129278821        0.3258557642      0.007623793648
         3.454695912        0.4182319705        0.2129278821       0.03762379365
         3.475855764        0.4346959116        0.2593918231       0.04408773469
         3.750000000        0.5000000000        0.3964639410       0.02469591156
         3.887623794        0.4682319705        0.2882319705       0.02646394104
         3.736463941        0.5764639410        0.3364639410      0.006463941042
         3.722927882        0.4200000000        0.2682319705       0.01000000000
         3.382927882        0.4600000000        0.3100000000       0.01823197052
         3.589391823        0.3500000000        0.2700000000       0.02469591156
         3.851159853        0.4400000000        0.2700000000       0.01823197052
         3.931159853        0.5482319705        0.3764639410       0.03646394104
         3.361159853        0.3382319705        0.2482319705       0.03000000000
         3.547623794        0.4282319705        0.3100000000      0.006463941042
         3.684695912        0.4600000000        0.3100000000       0.02000000000
         3.674695912        0.5800000000        0.3882319705         0.000000000
         3.732927882        0.4682319705        0.4082319705       0.03000000000
         4.077623794        0.5582319705        0.4482319705       0.08000000000
         3.926463941        0.5200000000        0.4300000000       0.03823197052
         3.591159853        0.4100000000        0.2800000000       0.02823197052
         3.314695912        0.4082319705        0.3082319705       0.01000000000
         3.836463941        0.4800000000        0.2700000000     -0.003536058958
         3.272927882        0.6182319705        0.3582319705       0.01000000000
         3.874695912        0.6800000000        0.4500000000       0.04000000000
         3.589391823        0.4600000000        0.3300000000      0.008231970521
         3.664695912        0.5482319705        0.3100000000       0.03469591156
         3.186463941        0.3500000000        0.2300000000       0.04000000000
         3.156463941        0.2900000000        0.2300000000       0.02000000000
         3.434087735        0.5282319705        0.2982319705      0.008231970521
         3.352927882        0.4100000000        0.3100000000       0.01823197052
         3.277623794        0.4382319705        0.2700000000       0.06000000000
         3.332927882        0.3900000000        0.3300000000     -0.001768029479
         3.564695912        0.3400000000        0.2800000000      0.008231970521
         3.421159853        0.3400000000        0.1900000000       0.01000000000
         3.526463941        0.5200000000        0.4100000000         0.000000000
         3.532927882        0.4300000000        0.2900000000       0.01823197052
         3.414087735        0.4900000000        0.3300000000       0.03000000000
         3.229391823        0.4864639410        0.2964639410       0.05000000000
         3.459391823        0.3700000000        0.3082319705       0.05000000000
         3.087015617        0.4100000000        0.2100000000       0.01000000000
         3.146463941        0.4300000000        0.2600000000       0.04000000000
         3.349391823        0.2700000000        0.2000000000       0.03000000000
         3.201159853        0.4500000000        0.2500000000       0.02823197052
         3.341159853        0.4382319705        0.3782319705         0.000000000
         3.347623794        0.4782319705        0.2882319705       0.04000000000
         3.191159853        0.4400000000        0.2746959116      0.008231970521
         3.297623794        0.4300000000        0.2964639410       0.03469591156
         3.358783646        0.5600000000        0.3300000000      0.008231970521
         3.542927882        0.4182319705        0.2582319705       0.02823197052
         3.732927882        0.4746959116        0.3546959116       0.01000000000
         3.372927882        0.4682319705        0.2582319705       0.02823197052
         3.151159853        0.4082319705        0.3182319705     -0.001768029479
         3.304695912        0.3882319705        0.2982319705       0.02000000000
         3.096463941        0.3700000000        0.2500000000     -0.001768029479
         3.522927882        0.6100000000        0.4800000000       0.06646394104
         3.551159853        0.4482319705        0.2982319705       0.08646394104
         3.864695912        0.4882319705        0.3982319705       0.03000000000
         3.536463941        0.4582319705        0.2382319705       0.04000000000
         3.298231971        0.4900000000        0.3200000000       0.01000000000
         3.268231971        0.4900000000        0.3100000000       0.02823197052
         3.276463941        0.4082319705        0.2282319705      0.006463941042
         3.272927882        0.4482319705        0.3964639410       0.01823197052
         3.236463941        0.5382319705        0.3082319705         0.000000000
         3.262927882        0.2882319705        0.1764639410       0.02000000000
         3.722927882        0.3682319705        0.2482319705       0.01292788208
         3.112319705        0.3682319705        0.2164639410      0.008231970521
         2.688231971        0.2800000000        0.1700000000       0.02000000000
         2.917623794        0.2900000000        0.1282319705       0.03000000000
         3.129391823        0.2400000000        0.1600000000       0.02000000000
         3.049391823        0.2164639410        0.1064639410       0.01823197052
         3.154695912        0.3100000000        0.1400000000       0.01823197052
         3.471159853        0.4000000000        0.2600000000       0.03000000000
         3.339391823        0.3382319705        0.2064639410       0.01000000000
         3.284695912        0.4182319705        0.2964639410      0.006463941042
         3.257623794        0.3700000000        0.2400000000       0.02000000000
         3.378231971        0.3200000000        0.1982319705       0.02000000000
         3.244695912        0.3282319705        0.2082319705       0.02000000000
         3.719391823        0.4500000000        0.2682319705       0.01000000000
         3.616463941        0.4600000000        0.2300000000       0.03000000000
         3.254695912        0.4100000000        0.2900000000     -0.001768029479
         3.334695912        0.4300000000        0.2700000000     -0.003536058958
         3.448231971        0.5682319705        0.3264639410       0.01000000000
         3.271711528        0.4464639410        0.2629278821       0.03469591156
         3.264695912        0.4629278821        0.3029278821       0.01823197052
         3.226463941        0.4664639410        0.2946959116       0.04000000000
         3.671159853        0.4282319705        0.3364639410       0.01823197052
         3.345855764        0.6093918231        0.3705516757       0.04585576417
         3.459391823        0.5882319705        0.3911598526       0.01055167573
         3.267623794        0.5446959116        0.4146959116       0.02939182313
         3.278231971        0.6429278821        0.3993918231       0.03469591156
         3.484695912        0.6200000000        0.4300000000      0.006463941042
         2.884695912        0.4864639410        0.3729278821       0.02646394104
         3.304087735        0.5100000000        0.3146959116      0.006463941042
         3.644087735        0.5782319705        0.3546959116       0.02823197052
         3.420000000        0.4982319705        0.3546959116       0.03646394104
         3.235855764        0.5693918231        0.3287836463       0.01055167573
         3.808783646        0.7176237936        0.4552475873       0.03939182313
         3.562927882        0.5046959116        0.3211598526       0.03292788208
         3.388783646        0.5164639410        0.3246959116       0.01939182313
         3.277623794        0.3411598526        0.2123197052      0.009391823127
         3.169391823        0.3305516757        0.1570156168       0.05115985261
         3.567623794        0.6211598526        0.3140877347      -0.03596876645
         3.591159853        0.3905516757        0.2252475873     -0.008840147394
         3.689391823        0.2329278821        0.1376237936       0.02292788208
         3.952927882        0.2576237936        0.1752475873      0.004087734690
         3.574695912        0.2646959116        0.1476237936       0.03469591156
         3.641159853        0.3576237936        0.1305516757       0.01469591156
         3.891159853        0.2976237936        0.2170156168       0.02878364625
         3.772319705        0.3852475873        0.2099434989       0.02231970521
         4.044695912        0.4211598526        0.3005516757       0.04408773469
         3.929391823        0.4958557642        0.3317115283      0.005247587296
         3.739391823        0.4646959116        0.2076237936      -0.01060817687
         4.219391823        0.5229278821        0.2740877347       0.03231970521
         4.154087735        0.3682319705        0.2646959116      0.009391823127
         3.565855764        0.4129278821        0.2040877347       0.01292788208
         4.134695912        0.4793918231        0.3587836463       0.02817546938
         3.784087735        0.3864639410        0.2758557642     -0.008288471662
         3.918783646        0.5846959116        0.3158557642       0.02115985261
         4.171159853        0.5800000000        0.3046959116       0.06939182313
         4.266463941        0.5846959116        0.4158557642       0.05115985261
         4.334695912        0.5129278821        0.3946959116       0.03292788208
         4.301159853        0.4076237936        0.2358557642     -0.002376206352
         4.174695912        0.4982319705        0.3246959116       0.04646394104
         4.075855764        0.3982319705        0.2593918231      0.006463941042
         4.235855764        0.4629278821        0.2393918231      0.007623793648
         3.895855764        0.5211598526        0.3593918231       0.01292788208
         4.311159853        0.5711598526        0.3123197052       0.03469591156
         4.482927882        0.6429278821        0.5211598526       0.03115985261
         4.397623794        0.4658557642        0.3805516757       0.02115985261
         4.477623794        0.6176237936        0.3558557642       0.04055167573
         4.080551676        0.5229278821        0.3223197052       0.01823197052
         4.112927882        0.6364639410        0.3658557642       0.02408773469
         4.334695912        0.6846959116        0.4993918231       0.02939182313
         4.544087735        0.4864639410        0.3111598526       0.03939182313
         4.756463941        0.5146959116        0.2858557642      0.007623793648
         4.817623794        0.6729278821        0.4299434989      0.009943498859
         4.335855764        0.5176237936        0.2752475873       0.03585576417
         4.379391823        0.6329278821        0.3870156168       0.01055167573
         4.648783646        0.5093918231        0.3258557642       0.03055167573
         4.269391823        0.5411598526        0.4105516757       0.04939182313
         4.632319705        0.5046959116        0.3287836463       0.07585576417
         4.326463941        0.4229278821        0.2829278821      0.005247587296
         4.494695912        0.6158557642        0.4105516757       0.01701561677
         4.255247587        0.5011598526        0.3470156168       0.03463941042
         4.701159853        0.4129278821        0.2452475873      0.008783646254
         4.211159853        0.4311598526        0.3087836463       0.02817546938
         4.197623794        0.4140877347        0.2387836463    -0.0006646780137
         4.414695912        0.4693918231        0.2787836463       0.01287138094
         4.034087735        0.5093918231        0.3170156168       0.01756729251
         4.180551676        0.3329278821        0.2552475873       0.04994349886
         3.825855764        0.4611598526        0.3105516757      0.006407439902
         3.644695912        0.3546959116        0.2293918231       0.06524758730
         4.012319705        0.3382319705        0.1693918231       0.03231970521
         3.925855764        0.4111598526        0.2905516757       0.09408773469
         3.897623794        0.6346959116        0.3993918231       0.03878364625
         4.394695912        0.4540877347        0.2823197052       0.04115985261
         4.092319705        0.4893918231        0.3205516757      0.008175469381
         3.620551676        0.5376237936        0.3317115283       0.02701561677
         4.172319705        0.5911598526        0.3340877347       0.03701561677
         3.681159853        0.4305516757        0.2828713809     -0.001824530619
         3.474087735        0.6346959116        0.4558557642      0.005247587296
         3.819391823        0.5464639410        0.2776237936       0.02408773469
         3.989391823        0.4346959116        0.2670156168     -0.002376206352
         3.784695912        0.3982319705        0.2311598526       0.01055167573
         3.645855764        0.4346959116        0.3258557642       0.03292788208
         3.920551676        0.3746959116        0.1876237936      0.009391823127
         3.975855764        0.5564639410        0.3293918231     -0.004144235831
         3.602927882        0.4811598526        0.3040877347       0.03115985261
         4.008783646        0.4046959116        0.3040877347       0.03585576417
         4.012927882        0.3876237936        0.2623197052       0.02408773469
         3.549391823        0.5346959116        0.3793918231       0.04115985261
         3.829391823        0.5400000000        0.4200000000       0.04000000000
         3.706463941        0.5500000000        0.3600000000     -0.001768029479
         3.662927882        0.4800000000        0.3400000000       0.02823197052
         3.844695912        0.5400000000        0.3000000000       0.02000000000
         3.486463941        0.5100000000        0.3800000000       0.03646394104
         3.652927882        0.5200000000        0.3582319705       0.02000000000
         3.751159853        0.4800000000        0.2982319705       0.05000000000
         3.785247587        0.5382319705        0.3182319705       0.04000000000
         3.037623794        0.2700000000        0.1282319705       0.05823197052
         3.102927882        0.4482319705        0.3382319705       0.02000000000
         3.682927882        0.5300000000        0.3582319705       0.01000000000
         3.566463941        0.4500000000        0.3100000000       0.04000000000
         3.716463941        0.5664639410        0.4064639410      0.008231970521
         3.431159853        0.5729278821        0.4329278821       0.02000000000
         3.442927882        0.4264639410        0.1964639410       0.02000000000
         3.162927882        0.3500000000        0.2600000000       0.03000000000
         3.316463941        0.4282319705        0.3182319705         0.000000000
         3.531159853        0.3700000000        0.3000000000       0.02000000000
         3.278231971        0.4300000000        0.3000000000         0.000000000
         3.682927882        0.4100000000        0.3300000000       0.01000000000
         3.179391823        0.4400000000        0.2900000000       0.01000000000
         3.437623794        0.4000000000        0.2582319705       0.03000000000
         3.351159853        0.3482319705        0.2082319705       0.01000000000
         3.202927882        0.4900000000        0.3582319705       0.01646394104
         3.274087735        0.4529278821        0.3711598526       0.01823197052
         2.837623794        0.4082319705        0.2540877347       0.06408773469
         3.552927882        0.5946959116        0.4093918231      0.004087734690
         3.265855764        0.5811598526        0.3523197052     -0.002376206352
         3.199391823        0.4293918231        0.3670156168      0.004695911563
         3.421159853        0.6105516757        0.4434795578       0.05055167573
         3.204087735        0.5970156168        0.3934230567       0.02701561677
         3.439391823        0.4893918231        0.2699434989      0.002319705211
         3.582927882        0.5905516757        0.4128713809      0.001103351465
         3.451159853        0.4258557642        0.3734795578     -0.005360589577
         3.321159853        0.4993918231        0.4052475873       0.09055167573
         2.792927882        0.5393918231        0.3758557642       0.01408773469
         2.870551676        0.5129278821        0.2905516757       0.02524758730
         3.079391823        0.4411598526        0.2399434989       0.02408773469
         2.835855764        0.3993918231        0.2887836463       0.02347955782
         3.124695912        0.4382319705        0.2982319705      0.008783646254
         3.155855764        0.3082319705        0.2793918231       0.02878364625
         3.237623794        0.4064639410        0.3664639410       0.02000000000
         3.254695912        0.4700000000        0.3300000000       0.02646394104
         3.019391823        0.4482319705        0.3400000000       0.01000000000
         3.639391823        0.3782319705        0.2182319705       0.03000000000
         3.269391823        0.3600000000        0.2000000000       0.03823197052
         3.052319705        0.4882319705        0.2482319705         0.000000000
         3.029391823        0.4000000000        0.3000000000       0.01823197052
         3.084695912        0.2282319705        0.2182319705       0.03000000000
         3.114695912        0.4600000000        0.2900000000       0.01000000000
         3.126463941        0.2882319705        0.1982319705       0.01000000000
         3.326463941        0.2200000000        0.1300000000       0.01823197052
         2.862927882        0.3400000000        0.1882319705       0.03000000000
         3.138231971        0.3382319705        0.2282319705       0.01000000000
         3.377623794        0.4282319705        0.1782319705       0.01823197052
         3.062927882        0.3200000000        0.2000000000       0.01646394104
         3.129391823        0.3382319705        0.1864639410       0.02000000000
         3.112927882        0.4482319705        0.2582319705       0.02000000000
         3.042927882        0.3100000000        0.1882319705       0.02823197052
         3.147623794        0.3064639410        0.1982319705       0.01000000000
         2.927623794        0.3600000000        0.2282319705       0.01000000000
         3.214695912        0.4100000000        0.2600000000       0.01000000000
         3.601159853        0.5382319705        0.3782319705       0.02823197052
         3.564695912        0.5200000000        0.2400000000       0.05823197052
         3.329391823        0.4600000000        0.3400000000       0.05823197052
         3.076463941        0.5700000000        0.3982319705       0.01000000000
         3.562927882        0.6300000000        0.3800000000       0.01000000000
         3.332927882        0.5200000000        0.3200000000       0.01000000000
         3.391159853        0.4582319705        0.3200000000       0.01646394104
         3.062927882        0.4582319705        0.3482319705       0.04000000000
         2.987623794        0.5482319705        0.3700000000       0.04000000000
         3.097623794        0.3400000000        0.2500000000       0.01000000000
         3.687623794        0.4782319705        0.3182319705       0.05000000000
         3.511159853        0.5100000000        0.3800000000       0.03823197052
         3.322927882        0.4400000000        0.2500000000       0.01000000000
         3.437015617        0.4582319705        0.2582319705       0.02646394104
         3.266463941        0.4300000000        0.2700000000       0.03000000000
         3.396463941        0.3664639410        0.1964639410       0.01000000000
         3.442927882        0.5000000000        0.3600000000       0.01823197052
         3.265855764        0.4900000000        0.2900000000       0.01000000000
         3.197623794        0.3500000000        0.2082319705       0.05000000000
         3.374087735        0.4100000000        0.2182319705       0.02000000000
         3.781159853        0.4800000000        0.3200000000       0.02000000000
         3.349391823        0.4200000000        0.2082319705       0.01000000000
         3.376463941        0.3764639410        0.2864639410       0.01823197052
         3.441159853        0.3982319705        0.2182319705       0.01000000000
         3.244087735        0.3500000000        0.2400000000       0.01646394104
         3.139391823        0.4100000000        0.2800000000       0.05000000000
         3.891159853        0.4300000000        0.2482319705       0.01000000000
         3.211159853        0.3200000000        0.1800000000       0.02000000000
         3.451159853        0.4082319705        0.2864639410      0.006463941042
         3.651159853        0.4400000000        0.2682319705       0.02000000000
         3.636463941        0.4082319705        0.1964639410     -0.001768029479
         3.317623794        0.3600000000        0.2100000000       0.01000000000
         3.446463941        0.4382319705        0.3482319705     -0.003536058958
         3.204087735        0.4182319705        0.1982319705       0.03823197052
         3.646463941        0.4800000000        0.3400000000       0.05000000000
         3.178231971        0.3700000000        0.2100000000       0.07823197052
         3.792927882        0.6000000000        0.3982319705       0.04000000000
         3.578231971        0.7200000000        0.4700000000       0.01000000000
         3.768231971        0.4300000000        0.3100000000       0.06000000000
         3.711159853        0.4682319705        0.3282319705       0.01823197052
         3.401159853        0.3900000000        0.2600000000     -0.001768029479
         3.222927882        0.5200000000        0.3082319705       0.01823197052
         3.597623794        0.4800000000        0.3000000000       0.01000000000
         3.742927882        0.4500000000        0.3500000000     -0.001768029479
         3.651159853        0.3882319705        0.2182319705       0.02000000000
         3.982927882        0.5800000000        0.3600000000       0.03000000000
         3.434087735        0.4300000000        0.2900000000       0.01000000000
         3.159391823        0.5100000000        0.4100000000       0.01646394104
         4.102927882        0.4900000000        0.3200000000       0.02646394104
         3.714695912        0.4782319705        0.3482319705       0.01823197052
         3.721159853        0.4400000000        0.3400000000       0.02000000000
         4.359391823        0.4600000000        0.3200000000       0.04000000000
         4.246463941        0.6400000000        0.4100000000       0.01000000000
         3.724695912        0.4782319705        0.2664639410       0.01646394104
         3.432927882        0.3982319705        0.3064639410      0.006463941042
         3.484695912        0.4300000000        0.3300000000       0.01823197052
         3.714087735        0.3800000000        0.2600000000       0.02000000000
         3.466463941        0.4964639410        0.2582319705       0.02823197052
         3.324087735        0.4382319705        0.3464639410       0.03000000000
         3.799391823        0.4500000000        0.3200000000      0.008231970521
         3.638231971        0.4700000000        0.3500000000       0.02000000000
         3.422319705        0.5582319705        0.3282319705       0.01000000000
         3.605855764        0.3900000000        0.2382319705     -0.001768029479
         3.117623794        0.4382319705        0.2464639410       0.06000000000
         3.628231971        0.4529278821        0.2393918231       0.02292788208
         3.466463941        0.3146959116        0.2546959116       0.02823197052
         3.372927882        0.3482319705        0.2400000000         0.000000000
         3.568231971        0.4382319705        0.3182319705       0.01823197052
         3.291159853        0.3600000000        0.2800000000       0.02646394104
         3.661159853        0.2500000000        0.1500000000      0.006463941042
         3.285855764        0.2882319705        0.1982319705         0.000000000
         3.385855764        0.3200000000        0.2200000000       0.01000000000
         3.344695912        0.2800000000        0.1382319705       0.01646394104
         3.421159853        0.3200000000        0.2200000000       0.01000000000
         2.942927882        0.2400000000       0.09823197052       0.03000000000
         3.204695912        0.3400000000        0.2200000000       0.03000000000
         3.052927882        0.3300000000        0.2182319705       0.01000000000
         3.257623794        0.3811598526        0.2329278821       0.01000000000
         3.039391823        0.5546959116        0.3064639410       0.01823197052
         3.518231971        0.3564639410        0.2164639410       0.01000000000
         3.352927882        0.3964639410        0.3182319705     -0.001768029479
         3.087623794        0.4482319705        0.3082319705       0.01000000000
         3.119391823        0.3500000000        0.2100000000       0.02000000000
         3.381159853        0.4600000000        0.3500000000       0.03823197052
         3.652927882        0.5400000000        0.3100000000       0.02000000000
         3.338231971        0.6164639410        0.4382319705       0.04000000000
         3.234695912        0.4400000000        0.3800000000       0.03000000000
         3.568231971        0.2600000000        0.1600000000       0.01823197052
         3.447623794        0.4000000000        0.3000000000       0.01000000000
         3.672927882        0.5264639410        0.3346959116         0.000000000
         3.252927882        0.6164639410        0.4464639410       0.03646394104
         3.571159853        0.7164639410        0.4258557642       0.03469591156
         3.417623794        0.5876237936        0.4340877347       0.03408773469
         3.929943499        0.5434795578        0.3157992630       0.03049517459
         3.391159853        0.5693918231        0.4640877347       0.04585576417
         3.034087735        0.5046394104        0.2757427619       0.04159852606
         3.500551676        0.4770156168        0.3593353220       0.06463941042
         3.157623794        0.4758557642        0.3999434989       0.05524758730
         3.706463941        0.4100000000        0.2246959116       0.04469591156
         3.694087735        0.3900000000        0.2629278821       0.02646394104
         2.984087735        0.3758557642        0.2070156168       0.04762379365
         3.542319705        0.3787836463        0.2840312335      0.007015616775
         3.397623794        0.3399434989        0.2187271451       0.01408773469
         3.685247587        0.4005516757        0.2493353220      -0.01420073697
         3.324087735        0.4858557642        0.3128713809       0.02171152834
         3.342319705        0.3323197052        0.2381754694     -0.008896648535
         3.205855764        0.3946959116        0.2087836463       0.03171152834
         3.773479558        0.3699434989        0.2640312335     0.0005516757326
         3.257015617        0.4570156168        0.2869591156      0.005799263029
         3.729391823        0.4087836463        0.2934230567       0.02579926303
         3.540551676        0.5387836463        0.3346394104       0.02988699772
         3.445247587        0.3464074399        0.2086706440       0.08165502720
         4.104087735        0.4881754694        0.3398869977      0.001655027198
         3.467623794        0.4087836463        0.2657427619       0.04397473241
         3.849391823        0.3823197052        0.2740312335       0.02171152834
         3.944087735        0.4887836463        0.3304951746       0.02281487980
         3.854087735        0.3746394104        0.2163509388      -0.01480891384
         3.574087735        0.6052475873        0.3840312335       0.01933532199
         3.691159853        0.5646959116        0.3346959116       0.03292788208
         3.976463941        0.5882319705        0.3482319705       0.01823197052
         3.938231971        0.4800000000        0.3400000000       0.02646394104
         4.169391823        0.5100000000        0.3900000000       0.02000000000
         4.055855764        0.5300000000        0.2700000000       0.01823197052
         4.004695912        0.5200000000        0.3182319705       0.01000000000
         4.151159853        0.6700000000        0.4200000000       0.02823197052
         3.919391823        0.6500000000        0.3800000000       0.02469591156
         4.125855764        0.5900000000        0.3782319705       0.05000000000
         4.009391823        0.5800000000        0.4300000000       0.02823197052
         3.629391823        0.6164639410        0.4929278821       0.04823197052
         4.002927882        0.5811598526        0.3129278821       0.02115985261
         4.542927882        0.5900000000        0.3882319705       0.03823197052
         4.047623794        0.5582319705        0.4229278821       0.01939182313
         4.472927882        0.7200000000        0.4182319705       0.05469591156
         4.801159853        0.6000000000        0.4700000000       0.01646394104
         4.471159853        0.6582319705        0.4582319705      0.006463941042
         4.674087735        0.5300000000        0.3311598526       0.05823197052
         4.663479558        0.6193918231        0.3423197052       0.01762379365
         4.052319705        0.4029278821        0.2793918231      0.007623793648
         4.165855764        0.4364639410        0.2146959116       0.01469591156
         4.329391823        0.4482319705        0.2300000000       0.03823197052
         4.208231971        0.4400000000        0.2582319705       0.02000000000
         4.118231971        0.4100000000        0.2900000000       0.02646394104
         4.141159853        0.3382319705        0.1346959116       0.01646394104
         4.131159853        0.4111598526        0.2540877347       0.02347955782
         4.234087735        0.4258557642        0.2217115283       0.01585576417
         4.359391823        0.5829278821        0.3070156168      0.007623793648
         4.381159853        0.5093918231        0.3176237936       0.03823197052
         4.566463941        0.4000000000        0.2664639410       0.02292788208
         4.775855764        0.4964639410        0.2929278821       0.01939182313
         4.607623794        0.5882319705        0.4664639410       0.01823197052
         5.071159853        0.4946959116        0.3346959116       0.02823197052
         4.904087735        0.7829278821        0.5305516757     0.0005516757326
         4.241159853        0.4993918231        0.3487836463       0.06226320407
         4.885247587        0.6452475873        0.4557992630      -0.02718512020
         4.614087735        0.5881754694        0.3904951746      -0.02480891384
         4.425855764        0.5823197052        0.3781189682      -0.03364906124
         4.783479558        0.6123197052        0.4022632041       0.02519108616
         4.827015617        0.5817115283        0.3487271451       0.07872714511
         4.265855764        0.5405516757        0.3916550272      -0.01011300228
         4.518783646        0.5217115283        0.3569591156      -0.06547359186
         4.531711528        0.6546394104        0.4210468503       0.02159852606
         4.445247587        0.6952475873        0.3704951746      0.003974732409
         4.011711528        0.6270156168        0.4157992630       0.01817546938
         4.918175469        0.5858557642        0.4652475873    -5.650114055E-05
         4.429391823        0.6293918231        0.3140877347     -0.004144235831
         4.469391823        0.4064639410        0.2229278821     -0.001768029479
         4.004695912        0.5264639410        0.3729278821     -0.003536058958
         4.404695912        0.6546959116        0.3993918231      0.009391823127
         4.804087735        0.4876237936        0.2876237936       0.03231970521
         4.914087735        0.4905516757        0.2917115283       0.02171152834
         4.692927882        0.5011598526        0.3752475873      0.005855764169
         4.769391823        0.5793918231        0.4258557642      -0.01414423583
         4.249391823        0.4411598526        0.2623197052       0.03408773469
         4.215247587        0.5464639410        0.3711598526       0.06115985261
         4.061159853        0.5158557642        0.3334795578       0.02762379365
         4.034695912        0.5229278821        0.3040877347       0.01762379365
         4.377623794        0.5664639410        0.3629278821       0.03469591156
         4.384087735        0.4200000000        0.2700000000       0.01000000000
         4.489391823        0.4382319705        0.3564639410      0.008231970521
         4.515247587        0.5264639410        0.2758557642       0.01823197052
         4.249391823        0.4682319705        0.2882319705       0.01823197052
         3.935855764        0.3900000000        0.2500000000       0.02823197052
         4.211159853        0.5200000000        0.3382319705       0.02000000000
         4.334695912        0.4400000000        0.3300000000       0.03000000000
         4.274695912        0.4900000000        0.2900000000       0.02000000000
         3.826463941        0.4464639410        0.2529278821      0.008231970521
         4.029391823        0.4682319705        0.2382319705         0.000000000
         4.388231971        0.6500000000        0.3900000000       0.04000000000
         4.145855764        0.4182319705        0.3564639410       0.04000000000
         4.272927882        0.4000000000        0.2700000000     -0.001768029479
         3.832927882        0.4100000000        0.2493918231       0.01469591156
         4.088231971        0.2500000000        0.1982319705       0.01823197052
         4.062927882        0.6300000000        0.4400000000       0.05823197052
         4.538231971        0.4900000000        0.2600000000       0.04000000000
         3.605855764        0.5100000000        0.4400000000       0.02000000000
         3.639391823        0.6300000000        0.3782319705      0.008231970521
         3.642927882        0.4600000000        0.2982319705       0.02000000000
         3.519391823        0.3800000000        0.3000000000       0.03000000000
         3.971159853        0.5700000000        0.3200000000       0.02000000000
         3.632927882        0.4200000000        0.3082319705      0.008231970521
         3.701159853        0.4600000000        0.3000000000         0.000000000
         3.486463941        0.4800000000        0.2500000000       0.02823197052
         3.936463941        0.4300000000        0.3000000000       0.01000000000
         3.858231971        0.4882319705        0.3382319705       0.02000000000
         3.852927882        0.4800000000        0.3900000000       0.04646394104
         4.084695912        0.5382319705        0.3182319705       0.02000000000
         3.446463941        0.3500000000        0.2100000000       0.02000000000
         3.341159853        0.5400000000        0.3000000000       0.03000000000
         3.586463941        0.3282319705        0.3082319705       0.02000000000
         3.648231971        0.5100000000        0.3600000000       0.02823197052
         3.365855764        0.4200000000        0.2782319705       0.01000000000
         3.801159853        0.3600000000        0.2500000000       0.02823197052
         3.409391823        0.4500000000        0.3200000000       0.01000000000
         3.374695912        0.5982319705        0.4164639410       0.01646394104
         3.342927882        0.4200000000        0.3000000000         0.000000000
         3.277623794        0.4900000000        0.3800000000       0.06823197052
         3.374695912        0.5400000000        0.4100000000      0.008231970521
         3.718231971        0.4900000000        0.4300000000       0.03823197052
         3.362927882        0.4682319705        0.3282319705       0.02000000000
         3.299391823        0.4782319705        0.3164639410       0.02000000000
         3.648231971        0.4800000000        0.3400000000     -0.001768029479
         3.499391823        0.3682319705        0.2482319705       0.01823197052
         3.297623794        0.3800000000        0.2082319705       0.01823197052
         3.431159853        0.2200000000        0.2000000000       0.05000000000
         3.335855764        0.4400000000        0.2400000000       0.03000000000
         3.276463941        0.5000000000        0.3500000000      0.008231970521
         3.228231971        0.4000000000        0.2500000000       0.03000000000
         3.495855764        0.4146959116        0.2529278821       0.04000000000
         3.237623794        0.4082319705        0.2546959116       0.03823197052
         3.071159853        0.4464639410        0.2829278821      0.006463941042
         3.790000000        0.5482319705        0.4029278821       0.01823197052
         2.909391823        0.5482319705        0.4264639410       0.01000000000
         3.411159853        0.5300000000        0.2782319705       0.05000000000
         3.007623794        0.5282319705        0.3664639410       0.03823197052
         3.381159853        0.3000000000        0.2500000000       0.04823197052
         2.837623794        0.3146959116        0.2182319705       0.01000000000
         2.724695912        0.3400000000        0.2100000000       0.01000000000
         2.744695912        0.3282319705        0.2082319705       0.01646394104
         3.079391823        0.3400000000        0.2200000000       0.01000000000
         2.819391823        0.3100000000        0.2200000000       0.01000000000
         2.801159853        0.3000000000        0.2200000000       0.04646394104
         3.314695912        0.4700000000        0.3100000000       0.02000000000
         3.219391823        0.3800000000        0.2600000000      0.008231970521
         2.919391823        0.4300000000        0.2600000000       0.02000000000
         2.838231971        0.4500000000        0.3700000000       0.02823197052
         2.872927882        0.3200000000        0.2300000000      0.008231970521
         2.837623794        0.5382319705        0.4082319705      0.006463941042
         3.207623794        0.4882319705        0.2800000000      0.004695911563
         3.202927882        0.4000000000        0.2300000000       0.02000000000
         3.145855764        0.2200000000        0.1700000000      0.008231970521
         2.814695912        0.3782319705        0.2582319705       0.02000000000
         2.865855764        0.3400000000        0.2600000000       0.01000000000
         2.974695912        0.3382319705        0.3382319705       0.01000000000
         3.130551676        0.5100000000        0.2900000000       0.02000000000
         3.281159853        0.4500000000        0.2400000000         0.000000000
         3.186463941        0.5982319705        0.4064639410       0.04000000000
         2.728231971        0.3100000000        0.1764639410       0.02823197052
         2.862927882        0.4382319705        0.2382319705     -0.001768029479
         2.859391823        0.3500000000        0.3400000000      0.006463941042
         2.839391823        0.3982319705        0.2382319705       0.01000000000
         2.859391823        0.3782319705        0.2382319705       0.01823197052
         2.804695912        0.4200000000        0.2764639410       0.03000000000
         2.855855764        0.4582319705        0.3082319705       0.02000000000
         2.524695912        0.3600000000        0.2600000000       0.02000000000
         2.741159853        0.3000000000        0.2000000000      0.006463941042
         2.456463941        0.4300000000        0.3500000000       0.01823197052
         2.686463941        0.4200000000        0.2900000000     -0.001768029479
         3.396463941        0.3482319705        0.2100000000      0.008231970521
         2.624087735        0.3600000000        0.2800000000       0.01000000000
         2.702927882        0.3200000000        0.2182319705         0.000000000
         2.682319705        0.3582319705        0.2300000000       0.02646394104
         2.545855764        0.3782319705        0.2100000000       0.03823197052
         2.444695912        0.2400000000        0.1600000000       0.02646394104
         2.546463941        0.4200000000        0.2400000000       0.01000000000
         2.558231971        0.2882319705        0.2182319705       0.01000000000
         2.524695912        0.4000000000        0.2900000000       0.02823197052
         2.964695912        0.3182319705        0.2200000000       0.01000000000
         2.802927882        0.5182319705        0.4300000000       0.01000000000
         2.941159853        0.3900000000        0.2200000000       0.03823197052
         2.962927882        0.4700000000        0.3200000000       0.05000000000
         2.704695912        0.4082319705        0.2500000000         0.000000000
         2.591159853        0.3100000000        0.2600000000       0.02823197052
         2.834695912        0.3200000000        0.1700000000       0.03000000000
         2.767623794        0.4400000000        0.2800000000       0.01000000000
         2.776463941        0.5200000000        0.2782319705     -0.001768029479
         3.166463941        0.4446959116        0.3746959116       0.03823197052
         2.772927882        0.4200000000        0.3382319705      0.008231970521
         3.097623794        0.3464639410        0.2700000000       0.04823197052
         2.589391823        0.3782319705        0.3129278821       0.02292788208
         2.808231971        0.4200000000        0.2300000000       0.03000000000
         3.124695912        0.2500000000        0.1646959116       0.01823197052
         3.001159853        0.2800000000        0.1700000000       0.03000000000
         2.518231971        0.2800000000        0.1882319705       0.01823197052
         2.854695912        0.3200000000        0.1800000000       0.03000000000
         3.022927882        0.3200000000        0.1900000000       0.02000000000
         2.950000000        0.3100000000        0.2200000000       0.01823197052
         2.769391823        0.3000000000        0.1800000000       0.05823197052
         3.124695912        0.3900000000        0.1582319705     -0.001768029479
         2.959391823        0.3200000000        0.2100000000       0.01000000000
         2.922927882        0.3564639410        0.2011598526      0.008231970521
         3.002319705        0.4429278821        0.2858557642       0.02469591156
         3.055855764        0.3964639410        0.2346959116       0.01292788208
         2.902319705        0.4346959116        0.1993918231     -0.007072117915
         3.106463941        0.2829278821        0.2076237936       0.01469591156
         2.784695912        0.3011598526        0.2646959116       0.02000000000
         2.931159853        0.4364639410        0.3158557642       0.02292788208
         2.810551676        0.3764639410        0.2893918231      0.002927882085
         3.184087735        0.4282319705        0.2746959116      0.002927882085
         3.277623794        0.5929278821        0.3476237936       0.02939182313
         3.347623794        0.5964639410        0.3293918231       0.03878364625
         3.274087735        0.4511598526        0.2840877347       0.03585576417
         3.079391823        0.5058557642        0.3240877347       0.01469591156
         3.509391823        0.4229278821        0.3276237936      0.008231970521
         2.879391823        0.4646959116        0.2893918231       0.02646394104
         2.951159853        0.4511598526        0.3211598526       0.01646394104
         2.807623794        0.4223197052        0.2799434989       0.05292788208
         3.317015617        0.4346959116        0.2976237936       0.04292788208
         3.262319705        0.3811598526        0.2211598526       0.01469591156
         2.807623794        0.4864639410        0.2611598526       0.03292788208
         2.840551676        0.4264639410        0.2711598526      0.002927882085
         3.135855764        0.4646959116        0.3429278821       0.01646394104
         2.849391823        0.5146959116        0.3858557642       0.04231970521
         2.982927882        0.4964639410        0.3446959116      -0.01237620635
         3.424087735        0.4846959116        0.3746959116       0.01469591156
         3.332927882        0.4746959116        0.3111598526       0.06000000000
         3.184087735        0.3764639410        0.2182319705       0.02823197052
         2.977623794        0.3329278821        0.1646959116       0.02000000000
         3.076463941        0.3911598526        0.2011598526       0.03646394104
         2.978783646        0.3629278821        0.2240877347      0.004087734690
         3.173479558        0.4176237936        0.2205516757       0.01762379365
         2.885855764        0.3564639410        0.3058557642       0.02292788208
         2.635247587        0.3029278821        0.1605516757       0.01762379365
         2.972319705        0.3729278821        0.2558557642       0.01762379365
         3.106463941        0.4293918231        0.2676237936       0.04762379365
         3.147623794        0.3929278821        0.3229278821       0.02292788208
         3.097015617        0.5129278821        0.3258557642      0.002927882085
         3.278783646        0.4864639410        0.2905516757       0.01408773469
         3.392319705        0.2929278821        0.2576237936       0.06469591156
         2.954695912        0.4911598526        0.4123197052       0.02469591156
         3.158783646        0.4982319705        0.2811598526      0.002927882085
         3.487623794        0.4129278821        0.2293918231       0.01646394104
         3.448175469        0.4629278821        0.2893918231       0.01292788208
         3.294087735        0.5476237936        0.3823197052      0.004695911563
         3.374695912        0.4646959116        0.3364639410     -0.001768029479
         3.515855764        0.3929278821        0.3311598526       0.01292788208
         3.109391823        0.4311598526        0.2505516757       0.01469591156
         3.809391823        0.4411598526        0.2923197052      0.008231970521
         3.559391823        0.4764639410        0.2864639410       0.01646394104
         3.650551676        0.4223197052        0.2452475873       0.03939182313
         3.635247587        0.3529278821        0.2223197052       0.02292788208
